MNIST
g 0.099 0.112 0.099 0.102 0.097 0.090 0.099 0.104 0.098 0.099 
0 0.094 0.111 0.110 0.096 0.102 0.086 0.082 0.112 0.102 0.105 
1 0.085 0.123 0.102 0.101 0.104 0.101 0.089 0.102 0.090 0.103 
2 0.098 0.113 0.110 0.110 0.100 0.092 0.091 0.107 0.088 0.091 
3 0.100 0.106 0.083 0.101 0.093 0.115 0.093 0.125 0.091 0.093 
4 0.111 0.107 0.088 0.112 0.089 0.097 0.101 0.115 0.095 0.085 
5 0.101 0.115 0.092 0.097 0.090 0.095 0.113 0.093 0.104 0.100 
6 0.113 0.104 0.100 0.101 0.080 0.087 0.107 0.107 0.102 0.099 
7 0.099 0.117 0.095 0.106 0.095 0.083 0.100 0.107 0.096 0.102 
8 0.102 0.103 0.096 0.119 0.103 0.096 0.089 0.092 0.089 0.111 
9 0.101 0.108 0.084 0.094 0.099 0.085 0.108 0.126 0.100 0.095 
10 0.098 0.108 0.091 0.101 0.099 0.069 0.108 0.108 0.092 0.126 
11 0.118 0.101 0.099 0.102 0.097 0.081 0.098 0.112 0.094 0.098 
12 0.097 0.130 0.116 0.109 0.091 0.083 0.094 0.084 0.094 0.102 
13 0.079 0.111 0.102 0.112 0.117 0.094 0.091 0.092 0.104 0.098 
14 0.087 0.105 0.107 0.125 0.115 0.077 0.099 0.104 0.088 0.093 
15 0.099 0.108 0.101 0.103 0.105 0.084 0.089 0.103 0.101 0.107 
16 0.101 0.118 0.096 0.103 0.105 0.101 0.097 0.098 0.100 0.081 
17 0.102 0.117 0.094 0.105 0.094 0.093 0.087 0.108 0.108 0.092 
18 0.088 0.117 0.104 0.087 0.099 0.091 0.095 0.110 0.102 0.107 
19 0.104 0.109 0.101 0.102 0.103 0.096 0.093 0.105 0.086 0.101 
20 0.110 0.117 0.106 0.109 0.087 0.078 0.090 0.104 0.114 0.085 
21 0.110 0.110 0.080 0.104 0.104 0.089 0.095 0.101 0.099 0.108 
22 0.105 0.119 0.094 0.096 0.103 0.095 0.093 0.103 0.092 0.100 
23 0.094 0.119 0.080 0.103 0.110 0.091 0.106 0.101 0.099 0.097 
24 0.100 0.111 0.083 0.100 0.106 0.087 0.114 0.099 0.102 0.098 
25 0.111 0.106 0.114 0.089 0.076 0.085 0.087 0.124 0.108 0.100 
26 0.098 0.106 0.091 0.100 0.094 0.097 0.106 0.110 0.104 0.094 
27 0.090 0.103 0.100 0.107 0.100 0.089 0.105 0.111 0.090 0.105 
28 0.111 0.116 0.105 0.089 0.101 0.094 0.086 0.114 0.085 0.099 
29 0.106 0.100 0.102 0.105 0.090 0.082 0.097 0.114 0.113 0.091 
30 0.115 0.100 0.085 0.112 0.113 0.101 0.095 0.107 0.073 0.099 
31 0.100 0.104 0.096 0.098 0.104 0.102 0.096 0.092 0.106 0.102 
32 0.085 0.128 0.101 0.100 0.086 0.100 0.102 0.105 0.105 0.088 
33 0.097 0.094 0.107 0.106 0.093 0.090 0.116 0.098 0.095 0.104 
34 0.094 0.106 0.111 0.102 0.114 0.096 0.111 0.095 0.083 0.088 
35 0.098 0.109 0.115 0.089 0.111 0.084 0.105 0.110 0.085 0.094 
36 0.097 0.110 0.097 0.108 0.098 0.105 0.096 0.094 0.084 0.111 
37 0.089 0.138 0.087 0.096 0.097 0.085 0.094 0.106 0.107 0.101 
38 0.108 0.103 0.091 0.108 0.087 0.101 0.093 0.101 0.108 0.100 
39 0.101 0.106 0.099 0.104 0.083 0.101 0.106 0.107 0.087 0.106 
40 0.082 0.120 0.108 0.091 0.104 0.111 0.101 0.090 0.112 0.081 
41 0.096 0.121 0.104 0.092 0.083 0.087 0.104 0.113 0.096 0.104 
42 0.115 0.097 0.104 0.103 0.096 0.081 0.118 0.103 0.093 0.090 
43 0.093 0.114 0.076 0.079 0.102 0.093 0.095 0.114 0.109 0.125 
44 0.085 0.115 0.090 0.117 0.088 0.111 0.097 0.103 0.102 0.092 
45 0.099 0.116 0.111 0.120 0.101 0.057 0.093 0.100 0.085 0.118 
46 0.102 0.122 0.105 0.096 0.109 0.075 0.094 0.099 0.108 0.090 
47 0.099 0.131 0.094 0.104 0.086 0.087 0.105 0.103 0.088 0.103 
48 0.095 0.123 0.102 0.112 0.099 0.082 0.097 0.096 0.101 0.093 
49 0.094 0.120 0.108 0.100 0.077 0.104 0.085 0.115 0.099 0.098 
50 0.103 0.106 0.101 0.104 0.083 0.094 0.096 0.100 0.115 0.098 
51 0.101 0.107 0.096 0.106 0.104 0.098 0.088 0.103 0.094 0.103 
52 0.097 0.108 0.087 0.110 0.081 0.091 0.104 0.109 0.106 0.107 
53 0.096 0.103 0.100 0.105 0.105 0.079 0.107 0.114 0.092 0.099 
54 0.089 0.119 0.115 0.105 0.085 0.086 0.098 0.103 0.097 0.103 
55 0.095 0.117 0.104 0.087 0.107 0.076 0.120 0.106 0.087 0.101 
56 0.089 0.111 0.106 0.095 0.096 0.096 0.096 0.103 0.105 0.103 
57 0.100 0.126 0.112 0.092 0.106 0.095 0.102 0.094 0.095 0.078 
58 0.106 0.102 0.100 0.101 0.101 0.089 0.101 0.096 0.099 0.105 
59 0.091 0.128 0.120 0.101 0.092 0.071 0.100 0.095 0.103 0.099 
MNIST-M
g 0.099 0.113 0.099 0.102 0.097 0.090 0.099 0.104 0.098 0.099 
60 0.094 0.090 0.118 0.115 0.083 0.106 0.106 0.118 0.089 0.081 
61 0.124 0.118 0.096 0.109 0.092 0.084 0.093 0.090 0.102 0.092 
62 0.086 0.103 0.120 0.096 0.095 0.111 0.099 0.097 0.106 0.087 
63 0.095 0.116 0.095 0.101 0.093 0.095 0.101 0.093 0.108 0.103 
64 0.089 0.104 0.096 0.110 0.092 0.079 0.083 0.096 0.128 0.123 
65 0.095 0.113 0.086 0.110 0.106 0.092 0.094 0.118 0.084 0.102 
66 0.082 0.118 0.088 0.105 0.105 0.099 0.096 0.113 0.093 0.101 
67 0.116 0.110 0.083 0.113 0.093 0.090 0.093 0.086 0.097 0.119 
68 0.088 0.113 0.087 0.105 0.097 0.095 0.107 0.111 0.094 0.103 
69 0.097 0.108 0.087 0.113 0.113 0.072 0.110 0.099 0.103 0.098 
70 0.104 0.110 0.101 0.110 0.090 0.087 0.104 0.089 0.103 0.102 
71 0.090 0.108 0.088 0.110 0.097 0.094 0.107 0.108 0.087 0.111 
72 0.088 0.129 0.089 0.104 0.092 0.092 0.114 0.107 0.096 0.089 
73 0.090 0.124 0.108 0.092 0.109 0.095 0.104 0.102 0.092 0.084 
74 0.105 0.106 0.098 0.094 0.091 0.092 0.112 0.121 0.092 0.089 
75 0.091 0.130 0.089 0.095 0.090 0.097 0.110 0.102 0.093 0.103 
76 0.110 0.119 0.107 0.086 0.079 0.076 0.116 0.108 0.090 0.109 
77 0.125 0.107 0.093 0.098 0.084 0.094 0.111 0.097 0.084 0.107 
78 0.107 0.118 0.108 0.102 0.081 0.088 0.087 0.104 0.098 0.107 
79 0.101 0.106 0.122 0.102 0.099 0.096 0.102 0.092 0.102 0.078 
80 0.108 0.100 0.097 0.099 0.104 0.090 0.099 0.096 0.096 0.111 
81 0.109 0.110 0.088 0.102 0.082 0.092 0.090 0.106 0.098 0.123 
82 0.086 0.103 0.114 0.093 0.103 0.088 0.100 0.103 0.105 0.105 
83 0.096 0.122 0.091 0.103 0.104 0.088 0.090 0.113 0.101 0.092 
84 0.104 0.124 0.090 0.106 0.091 0.090 0.081 0.133 0.089 0.092 
85 0.107 0.122 0.101 0.096 0.100 0.083 0.079 0.109 0.108 0.095 
86 0.098 0.118 0.102 0.111 0.110 0.090 0.086 0.092 0.102 0.091 
87 0.079 0.106 0.117 0.109 0.098 0.088 0.110 0.102 0.099 0.092 
88 0.087 0.119 0.095 0.101 0.073 0.087 0.106 0.115 0.104 0.113 
89 0.098 0.101 0.114 0.081 0.098 0.097 0.096 0.109 0.097 0.109 
90 0.103 0.120 0.096 0.082 0.103 0.097 0.092 0.104 0.105 0.098 
91 0.091 0.111 0.089 0.109 0.098 0.094 0.100 0.103 0.097 0.108 
92 0.105 0.112 0.096 0.086 0.101 0.093 0.104 0.107 0.100 0.096 
93 0.095 0.101 0.107 0.124 0.101 0.087 0.096 0.103 0.104 0.082 
94 0.108 0.112 0.112 0.090 0.111 0.086 0.081 0.103 0.105 0.092 
95 0.095 0.132 0.101 0.100 0.083 0.095 0.093 0.090 0.114 0.097 
96 0.097 0.143 0.111 0.109 0.090 0.087 0.084 0.097 0.076 0.106 
97 0.099 0.128 0.092 0.102 0.094 0.082 0.103 0.089 0.113 0.098 
98 0.080 0.103 0.115 0.109 0.121 0.078 0.094 0.110 0.099 0.091 
99 0.095 0.100 0.095 0.117 0.108 0.095 0.102 0.092 0.095 0.101 
100 0.132 0.119 0.085 0.097 0.095 0.090 0.087 0.101 0.105 0.089 
101 0.090 0.098 0.118 0.111 0.094 0.083 0.103 0.104 0.103 0.096 
102 0.083 0.123 0.088 0.093 0.107 0.099 0.100 0.116 0.091 0.100 
103 0.108 0.097 0.121 0.106 0.105 0.078 0.099 0.098 0.092 0.096 
104 0.095 0.099 0.103 0.102 0.089 0.097 0.100 0.113 0.091 0.111 
105 0.101 0.116 0.106 0.100 0.103 0.088 0.094 0.101 0.095 0.096 
106 0.105 0.110 0.096 0.115 0.093 0.099 0.092 0.115 0.084 0.091 
107 0.099 0.106 0.098 0.075 0.108 0.099 0.105 0.113 0.096 0.101 
108 0.094 0.106 0.097 0.093 0.100 0.104 0.105 0.113 0.082 0.106 
109 0.101 0.112 0.103 0.091 0.095 0.102 0.104 0.101 0.097 0.094 
110 0.103 0.117 0.092 0.111 0.083 0.081 0.110 0.102 0.098 0.103 
111 0.093 0.107 0.110 0.100 0.090 0.096 0.101 0.102 0.104 0.097 
112 0.097 0.138 0.103 0.094 0.109 0.086 0.083 0.107 0.100 0.083 
113 0.081 0.111 0.100 0.105 0.105 0.078 0.092 0.111 0.110 0.107 
114 0.098 0.117 0.089 0.094 0.107 0.084 0.106 0.121 0.095 0.089 
115 0.098 0.113 0.083 0.106 0.102 0.087 0.104 0.106 0.097 0.104 
116 0.101 0.111 0.084 0.107 0.104 0.088 0.111 0.101 0.089 0.104 
117 0.124 0.086 0.104 0.108 0.093 0.089 0.097 0.104 0.096 0.099 
118 0.105 0.117 0.091 0.121 0.110 0.082 0.084 0.101 0.084 0.105 
SVHN
g 0.068 0.189 0.144 0.116 0.102 0.094 0.078 0.076 0.069 0.064 
119 0.062 0.178 0.154 0.127 0.098 0.107 0.067 0.071 0.071 0.065 
120 0.061 0.207 0.140 0.124 0.092 0.088 0.078 0.084 0.072 0.054 
121 0.069 0.184 0.146 0.106 0.111 0.090 0.085 0.074 0.074 0.061 
122 0.076 0.175 0.147 0.112 0.085 0.097 0.079 0.092 0.072 0.065 
123 0.076 0.196 0.139 0.119 0.097 0.089 0.073 0.063 0.078 0.070 
124 0.058 0.194 0.151 0.116 0.113 0.084 0.097 0.063 0.065 0.059 
125 0.061 0.159 0.158 0.116 0.122 0.093 0.076 0.081 0.076 0.058 
126 0.061 0.190 0.158 0.125 0.074 0.097 0.079 0.076 0.083 0.057 
127 0.062 0.187 0.150 0.095 0.093 0.110 0.081 0.067 0.079 0.076 
128 0.070 0.181 0.149 0.113 0.104 0.090 0.085 0.089 0.067 0.052 
129 0.067 0.183 0.162 0.117 0.116 0.096 0.068 0.076 0.059 0.056 
130 0.065 0.192 0.154 0.101 0.098 0.100 0.070 0.088 0.059 0.073 
131 0.072 0.194 0.165 0.095 0.108 0.102 0.071 0.064 0.068 0.061 
132 0.085 0.218 0.146 0.101 0.101 0.083 0.070 0.078 0.059 0.059 
133 0.072 0.185 0.152 0.106 0.095 0.103 0.076 0.073 0.067 0.071 
134 0.067 0.194 0.136 0.109 0.094 0.094 0.087 0.083 0.073 0.063 
135 0.059 0.192 0.131 0.110 0.104 0.098 0.079 0.070 0.078 0.079 
136 0.069 0.189 0.155 0.107 0.099 0.112 0.081 0.079 0.052 0.057 
137 0.059 0.191 0.143 0.131 0.102 0.091 0.083 0.077 0.064 0.059 
138 0.075 0.202 0.124 0.117 0.111 0.107 0.072 0.068 0.062 0.062 
139 0.047 0.195 0.145 0.124 0.096 0.106 0.094 0.080 0.063 0.050 
140 0.068 0.199 0.155 0.117 0.105 0.097 0.070 0.070 0.069 0.050 
141 0.067 0.172 0.150 0.113 0.098 0.112 0.076 0.080 0.068 0.064 
142 0.075 0.184 0.141 0.112 0.093 0.081 0.084 0.075 0.072 0.083 
143 0.063 0.183 0.157 0.117 0.098 0.107 0.080 0.075 0.071 0.049 
144 0.072 0.193 0.150 0.101 0.100 0.084 0.077 0.084 0.063 0.076 
145 0.089 0.196 0.142 0.124 0.089 0.089 0.072 0.071 0.067 0.061 
146 0.075 0.196 0.155 0.112 0.095 0.076 0.075 0.079 0.075 0.062 
147 0.084 0.180 0.146 0.116 0.110 0.096 0.081 0.070 0.063 0.054 
148 0.066 0.181 0.131 0.127 0.103 0.116 0.085 0.066 0.065 0.060 
149 0.062 0.194 0.146 0.111 0.100 0.090 0.078 0.097 0.059 0.063 
150 0.063 0.166 0.136 0.124 0.105 0.098 0.075 0.088 0.077 0.068 
151 0.054 0.181 0.128 0.137 0.107 0.093 0.076 0.085 0.062 0.077 
152 0.064 0.197 0.141 0.135 0.100 0.088 0.092 0.077 0.055 0.051 
153 0.076 0.200 0.149 0.114 0.098 0.110 0.067 0.072 0.060 0.054 
154 0.067 0.172 0.139 0.118 0.109 0.105 0.074 0.067 0.082 0.067 
155 0.061 0.188 0.117 0.108 0.110 0.100 0.091 0.083 0.086 0.056 
156 0.063 0.188 0.126 0.146 0.104 0.082 0.080 0.078 0.065 0.068 
157 0.061 0.196 0.145 0.106 0.089 0.082 0.073 0.102 0.081 0.065 
158 0.083 0.181 0.141 0.127 0.100 0.099 0.075 0.064 0.067 0.063 
159 0.062 0.175 0.162 0.119 0.101 0.099 0.086 0.082 0.051 0.063 
160 0.076 0.161 0.158 0.112 0.101 0.086 0.079 0.084 0.076 0.067 
161 0.059 0.217 0.137 0.115 0.106 0.087 0.083 0.064 0.061 0.071 
162 0.075 0.179 0.148 0.098 0.110 0.086 0.077 0.074 0.063 0.090 
163 0.066 0.174 0.140 0.130 0.096 0.089 0.088 0.076 0.070 0.071 
164 0.056 0.201 0.155 0.126 0.093 0.105 0.080 0.065 0.057 0.062 
165 0.061 0.198 0.163 0.118 0.117 0.076 0.074 0.069 0.065 0.059 
166 0.065 0.207 0.126 0.107 0.095 0.092 0.077 0.077 0.078 0.076 
167 0.061 0.190 0.130 0.112 0.118 0.095 0.074 0.076 0.073 0.071 
168 0.057 0.180 0.140 0.119 0.103 0.086 0.097 0.090 0.061 0.067 
169 0.075 0.184 0.140 0.119 0.098 0.080 0.082 0.077 0.068 0.077 
170 0.071 0.216 0.143 0.121 0.087 0.090 0.058 0.059 0.091 0.064 
171 0.088 0.182 0.133 0.123 0.100 0.080 0.068 0.087 0.070 0.069 
172 0.075 0.204 0.128 0.124 0.093 0.103 0.071 0.074 0.074 0.054 
173 0.055 0.171 0.152 0.118 0.105 0.094 0.083 0.086 0.068 0.068 
174 0.066 0.195 0.128 0.117 0.112 0.082 0.084 0.081 0.078 0.057 
175 0.063 0.173 0.158 0.097 0.100 0.106 0.090 0.082 0.073 0.058 
176 0.074 0.181 0.162 0.128 0.109 0.089 0.065 0.075 0.058 0.059 
177 0.050 0.172 0.136 0.119 0.129 0.101 0.080 0.076 0.057 0.080 
178 0.064 0.185 0.145 0.102 0.093 0.091 0.093 0.085 0.065 0.077 
179 0.067 0.196 0.143 0.092 0.105 0.101 0.071 0.089 0.071 0.065 
180 0.066 0.198 0.158 0.126 0.096 0.085 0.076 0.082 0.060 0.053 
181 0.067 0.212 0.135 0.134 0.102 0.081 0.070 0.072 0.074 0.053 
182 0.085 0.197 0.139 0.121 0.100 0.089 0.068 0.066 0.071 0.064 
183 0.065 0.182 0.145 0.109 0.128 0.081 0.083 0.079 0.071 0.057 
184 0.074 0.191 0.142 0.112 0.104 0.111 0.074 0.061 0.073 0.058 
185 0.083 0.200 0.143 0.112 0.092 0.085 0.071 0.063 0.078 0.073 
186 0.068 0.211 0.158 0.109 0.099 0.083 0.075 0.079 0.065 0.053 
187 0.058 0.189 0.137 0.116 0.120 0.092 0.081 0.069 0.076 0.062 
188 0.079 0.189 0.144 0.132 0.100 0.082 0.068 0.077 0.069 0.060 
189 0.067 0.202 0.135 0.117 0.097 0.104 0.078 0.072 0.069 0.059 
190 0.068 0.181 0.135 0.115 0.101 0.099 0.088 0.081 0.070 0.062 
191 0.064 0.195 0.144 0.113 0.089 0.106 0.075 0.072 0.075 0.067 
Synthetic Digits
g 0.100 0.100 0.100 0.100 0.100 0.100 0.100 0.100 0.100 0.100 
192 0.097 0.105 0.091 0.096 0.107 0.107 0.091 0.100 0.102 0.104 
193 0.093 0.100 0.102 0.094 0.100 0.089 0.103 0.116 0.080 0.123 
194 0.113 0.092 0.108 0.101 0.086 0.110 0.102 0.091 0.099 0.098 
195 0.101 0.101 0.111 0.103 0.099 0.094 0.105 0.098 0.097 0.091 
196 0.089 0.103 0.099 0.109 0.115 0.106 0.099 0.083 0.094 0.103 
197 0.096 0.110 0.107 0.102 0.088 0.094 0.101 0.102 0.109 0.091 
198 0.114 0.085 0.100 0.096 0.088 0.114 0.102 0.083 0.102 0.116 
199 0.096 0.116 0.097 0.086 0.104 0.093 0.098 0.098 0.114 0.098 
200 0.109 0.092 0.097 0.110 0.101 0.094 0.098 0.094 0.107 0.098 
201 0.100 0.089 0.105 0.091 0.124 0.089 0.112 0.105 0.100 0.085 
202 0.088 0.118 0.081 0.104 0.091 0.108 0.095 0.123 0.098 0.094 
203 0.104 0.089 0.102 0.108 0.097 0.102 0.094 0.107 0.098 0.099 
USPS
g 0.167 0.136 0.100 0.089 0.092 0.077 0.090 0.085 0.076 0.088 
204 0.147 0.145 0.093 0.074 0.092 0.078 0.090 0.096 0.082 0.103 
205 0.158 0.147 0.098 0.087 0.095 0.081 0.090 0.084 0.068 0.092 
206 0.179 0.131 0.086 0.084 0.094 0.076 0.084 0.086 0.079 0.101 
207 0.164 0.148 0.100 0.098 0.090 0.083 0.097 0.072 0.067 0.081 
208 0.160 0.153 0.110 0.078 0.093 0.073 0.089 0.078 0.082 0.084 
209 0.170 0.112 0.123 0.090 0.089 0.079 0.077 0.100 0.068 0.092 
210 0.159 0.124 0.104 0.094 0.095 0.079 0.095 0.095 0.081 0.074 
211 0.181 0.145 0.083 0.098 0.084 0.078 0.081 0.077 0.081 0.092 
212 0.181 0.125 0.103 0.090 0.090 0.071 0.099 0.078 0.081 0.082 
